id:179000554 еЫЛЇ:аЁКь УмТы:520520 грЖю:12000.000000
id:179000501 еЫЛЇ:ДЈДЈ УмТы:250250 грЖю:12000.000000
